# Time [us],  1S0,  3P1(mJ=-1),  3P1(mJ+1),  3S1(mJ=0),  3P2(all),  3P0
0.000000e+00,9.969204e-01,7.901389e-07,3.078782e-03,1.528626e-09,4.875474e-08,1.290047e-08
2.040816e-01,9.975729e-01,6.503451e-05,3.635413e-04,2.282693e-09,2.089808e-04,1.789565e-03
4.081633e-01,9.687688e-01,2.621012e-04,5.042715e-03,1.032360e-08,8.504241e-04,2.507595e-02
6.122449e-01,9.108709e-01,5.049864e-04,1.293846e-02,5.678497e-08,1.669982e-03,7.401564e-02
8.163265e-01,8.385692e-01,8.385949e-04,1.170836e-02,1.410094e-07,2.795174e-03,1.460885e-01
1.020408e+00,7.498276e-01,1.304528e-03,4.429494e-03,2.002817e-07,4.388891e-03,2.400493e-01
1.224490e+00,6.536115e-01,1.812840e-03,4.280510e-03,2.216095e-07,6.148781e-03,3.341461e-01
1.428571e+00,5.469572e-01,2.465221e-03,9.476070e-03,2.856449e-07,8.420574e-03,4.326807e-01
1.632653e+00,4.315265e-01,3.393834e-03,1.158549e-02,4.210109e-07,1.167633e-02,5.418174e-01
1.836735e+00,3.450496e-01,4.278487e-03,8.676883e-03,5.002211e-07,1.482954e-02,6.271650e-01
2.040816e+00,2.687834e-01,5.226613e-03,7.942298e-03,5.025727e-07,1.826201e-02,6.997852e-01
2.244898e+00,1.991659e-01,6.428093e-03,1.022646e-02,5.155342e-07,2.264637e-02,7.615327e-01
2.448980e+00,1.467418e-01,7.857799e-03,1.217153e-02,5.924278e-07,2.792188e-02,8.053064e-01
2.653061e+00,1.329853e-01,8.916549e-03,1.244293e-02,6.372481e-07,3.198924e-02,8.136654e-01
2.857143e+00,1.614737e-01,9.981484e-03,1.331344e-02,5.797024e-07,3.619062e-02,7.790402e-01
3.061224e+00,2.022073e-01,1.108257e-02,1.432075e-02,5.094704e-07,4.062643e-02,7.317624e-01
3.265306e+00,2.638840e-01,1.193326e-02,1.440368e-02,4.849034e-07,4.429479e-02,6.654838e-01
3.469388e+00,3.527800e-01,1.229365e-02,1.522982e-02,4.493130e-07,4.623944e-02,5.734566e-01
3.673469e+00,4.349286e-01,1.289762e-02,1.752748e-02,3.829548e-07,4.920664e-02,4.854393e-01
3.877551e+00,5.295613e-01,1.355602e-02,1.850689e-02,2.893449e-07,5.256168e-02,3.858139e-01
4.081633e+00,6.124456e-01,1.409783e-02,1.775986e-02,2.319660e-07,5.558487e-02,3.001116e-01
4.285714e+00,6.970780e-01,1.446997e-02,1.807674e-02,1.855578e-07,5.811085e-02,2.122643e-01
4.489796e+00,7.653827e-01,1.452961e-02,2.079903e-02,1.388135e-07,5.951647e-02,1.397720e-01
4.693878e+00,8.209178e-01,1.413611e-02,2.120747e-02,9.260629e-08,5.906965e-02,8.466893e-02
4.897959e+00,8.561794e-01,1.443278e-02,2.022903e-02,6.529249e-08,6.160567e-02,4.755309e-02
5.102041e+00,8.720327e-01,1.418099e-02,1.939648e-02,5.532742e-08,6.192041e-02,3.246941e-02
5.306122e+00,8.572690e-01,1.403806e-02,2.047574e-02,6.619902e-08,6.257798e-02,4.563913e-02
5.510204e+00,8.234228e-01,1.393183e-02,2.228914e-02,9.408559e-08,6.351293e-02,7.684318e-02
5.714286e+00,7.776487e-01,1.363396e-02,2.060384e-02,1.308258e-07,6.324661e-02,1.248668e-01
5.918367e+00,7.127926e-01,1.360878e-02,1.928200e-02,1.709811e-07,6.425385e-02,1.900626e-01
6.122449e+00,6.350814e-01,1.352930e-02,1.992562e-02,2.208054e-07,6.483023e-02,2.666332e-01
6.326531e+00,5.373783e-01,1.429359e-02,2.145474e-02,2.935231e-07,6.929914e-02,3.575740e-01
6.530612e+00,4.735814e-01,1.432272e-02,2.036755e-02,3.448695e-07,7.002577e-02,4.217022e-01
6.734694e+00,3.786395e-01,1.544243e-02,2.097499e-02,4.055288e-07,7.604547e-02,5.088972e-01
6.938776e+00,3.188310e-01,1.578545e-02,2.122014e-02,4.344386e-07,7.795648e-02,5.662065e-01
7.142857e+00,2.715610e-01,1.600608e-02,2.167448e-02,4.721716e-07,7.931037e-02,6.114476e-01
7.346939e+00,2.151017e-01,1.731052e-02,2.258903e-02,5.144041e-07,8.601898e-02,6.589793e-01
7.551020e+00,2.135054e-01,1.747608e-02,2.244355e-02,5.123043e-07,8.697275e-02,6.596017e-01
7.755102e+00,2.304384e-01,1.793285e-02,2.285687e-02,4.896171e-07,8.950765e-02,6.392638e-01
7.959184e+00,2.051106e-01,1.960766e-02,2.446115e-02,5.038251e-07,9.838259e-02,6.524375e-01
8.163265e+00,2.682100e-01,1.928655e-02,2.421640e-02,4.639990e-07,9.724865e-02,5.910379e-01
8.367347e+00,3.237705e-01,2.008130e-02,2.553669e-02,4.229503e-07,1.020644e-01,5.285467e-01
8.571429e+00,3.739084e-01,2.051183e-02,2.629094e-02,3.798223e-07,1.051635e-01,4.741249e-01
8.775510e+00,4.465824e-01,2.094556e-02,2.673137e-02,3.255848e-07,1.085492e-01,3.971911e-01
8.979592e+00,5.311407e-01,2.024811e-02,2.639027e-02,2.689356e-07,1.063652e-01,3.158554e-01
9.183673e+00,5.856503e-01,2.144843e-02,2.806402e-02,2.265414e-07,1.143314e-01,2.505056e-01
9.387755e+00,6.443723e-01,2.074209e-02,2.792846e-02,1.843839e-07,1.124047e-01,1.945523e-01
9.591837e+00,6.965985e-01,2.079874e-02,2.837399e-02,1.477889e-07,1.148620e-01,1.393666e-01
9.795918e+00,7.219857e-01,2.126407e-02,2.885774e-02,1.269978e-07,1.195483e-01,1.083441e-01
1.000000e+01,7.506883e-01,2.002990e-02,2.813023e-02,1.111221e-07,1.149875e-01,8.616397e-02
